75704
75709
75712
75720
75726
75736
75738
75757
75767
75772
75775
75798
75801
75806
75808
75813
75818
75824
75827
75833
75972
75989
77029
77034
77041
77049
77052
77056
77064
77070
77120
77165
77174
77201
77205
77212
77240
77255
77259
77268
77292
77297
77447
77526
77536
77544
77560
77564
77569
77572
77579
77583
77590
77596
77604
77612
77620
77639
77655
77658
77675
77681
77692
77705
77708
77728
77733
77740
77746
77753
77774
77792
77802
77807
77835
77970
77972
77976
77978
77981
77985
77987
77989
77994
77995
77997
78000
78002
78004
78008
78010
78011
78013
78014
78016
78017
78019
78020
78021
78022
78025
78027
78028
78031
78033
78034
78035
78040
78042
78043
78048
78049
78052
78053
78055
78056
78059
78061
78064
78066
78067
78073
78076
78077
78078
78082
78083
78089
78091
78093
78094
78095
78097
78098
78099
78100
78101
78103
78106
78108
78109
78111
78113
78117
78118
78120
78126
78131
78135
78136
78137
78139
78140
78142
78144
78146
78147
78149
78151
78152
78154
78155
78156
78158
78159
78162
78163
78164
78166
78167
78170
78171
78172
78174
78176
78177
78180
78182
78183
78185
78188
78192
78193
78198
78199
78201
78202
78203
78205
78206
78209
78212
78213
78216
78217
78218
78220
78224
78229
78233
78239
78244
78246
78248
78251
78253
78254
78255
78257
78259
78260
78264
78265
78266
78268
78270
78272
78273
78274
78280
78283
78284
78286
78288
78289
78292
78294
78296
78304
78306
78310
78311
78313
78315
78320
78321
78326
78330
78332
78333
78334
78338
78340
78341
78342
78345
78348
78350
78354
78355
78359
78363
78368
78369
78370
78374
78375
78377
78379
78380
78384
78394
78405
78414
78418
78421
78431
78434
78438
78440
78442
78449
78454
78457
78460
78477
78495
78509
78519
78521
78532
78538
78540
78543
78544
78553
78561
78570
78573
78575
78579
78580
78584
78592
78597
78604
78611
78615
78617
78624
78629
78638
78645
78668
78674
78677
78680
78688
78690
78692
78697
78717
78718
78722
78730
78746
78756
78768
78771
78772
78774
78777
78778
78786
78794
78798
78800
78805
78808
78809
78811
78814
78817
78821
78826
78828
78829
78830
78832
78837
78848
78852
78854
78861
78863
78865
78867
78868
78869
78871
78874
78875
78876
78877
78878
78879
78880
78883
78885
78886
78887
78888
78890
78891
78892
78893
78894
78896
78899
78901
78902
78904
78905
78907
78908
78910
78912
78915
78918
78920
78921
78925
78927
78930
78931
78932
78937
78941
78942
78943
78975
78980
78981
78983
78986
78990
78992
78996
78999
79000
79002
79003
79004
79117
79121
79124
79130
79136
79145
79147
79155
79158
79165
79168
79172
79173
79175
79182
79188
79202
79206
79213
79220
79224
79226
79229
79244
79249
79253
79282
79287
79296
79302
79310
79317
79334
79345
79355
79360
79370
79375
79392
79397
79431
79453
79479
79487
79488
79489
79492
79495
79497
79519
79525
79543
79576
79578
79580
79585
79600
79606
79613
79614
79618
79620
79622
79630
79636
79639
79642
79644
79647
79653
79660
79666
79672
79674
79677
79679
79683
79687
79688
79690
79692
79693
79695
79696
79697
79698
79699
79700
79702
79703
79705
79706
79710
79711
79713
79715
79716
79719
79721
79724
79726
79728
79729
79735
79737
79741
79743
79745
79751
79756
79757
79764
79767
79768
79769
79776
79777
79780
79783
79785
79786
79792
79793
79800
79802
79807
79808
79809
79811
79812
79813
79815
79816
79823
79824
79825
79831
79832
79836
79840
79841
79845
79852
79855
79860
79863
79864
79866
79869
79870
79872
79876
79877
79879
79880
79883
79886
79889
79891
79892
79894
79900
79901
79903
79905
79906
79909
79911
79916
79917
79919
79923
79926
79929
79930
79931
79932
79934
79936
79940
79941
79943
79944
79945
79947
79948
79952
79957
79958
79961
79966
79972
79976
79977
79979
79983
79987
79988
79989
79991
79992
79994
79995
79997
79998
79999
81005
81008
81015
81023
81030
81041
81049
81064
81071
81084
81100
81115
81136
81145
81160
81166
81169
81172
81175
81181
81185
81188
81189
81197
81203
81206
81210
81214
81219
81224
81230
81237
81238
81246
81251
81254
81255
81257
81259
81264
81267
81271
81275
81276
81279
81286
81289
81294
81299
81306
81308
81312
81319
81321
81325
81327
81328
81331
81332
81339
81342
81344
81350
81352
81361
81362
81367
81370
81371
81390
81395
81400
81406
81412
81418
81421
81422
81428
81432
81433
81438
81440
81449
81451
81457
81458
81463
81467
81469
81471
81474
81476
81483
81497
81501
81506
81523
81526
81530
81542
81543
81549
81557
81561
81563
81567
81570
81574
81585
81603
81604
81610
81611
81614
81617
81621
81625
81631
81632
81636
81637
81639
81644
81645
81646
81668
81674
81678
81682
81688
81692
81696
81712
81713
81717
81725
81753
81759
81763
81768
81773
81778
81801
81807
81810
81818
81821
81825
81828
81830
81832
81835
81837
81841
81843
81855
81856
81866
81874
81875
81878
81880
81882
81884
81926
81935
81939
81940
81944
81947
81949
81952
81958
81968
81976
82174
82178
82179
82186
82187
82192
82199
82217
82218
82221
82224
82232
82272
82283
82289
82291
82292
82296
82297
82299
82305
82311
82313
82316
82321
82323
82324
82325
82326
82329
82331
82336
82340
82342
82349
82350
82353
82360
82367
82369
82371
82376
82378
82381
82383
82384
82388
82389
82391
82393
82396
82397
82404
82405
82410
82417
82418
82423
82428
82431
82437
82440
82445
82446
82451
82458
82459
82461
82466
82467
82469
82471
82474
82476
82479
82480
82483
82489
82493
82498
82499
82502
82503
82507
82510
82512
82514
82520
82524
82526
82527
82529
82530
82533
82536
82537
82538
82542
82543
82547
82549
82552
82557
82559
82561
82565
82566
82570
82572
82573
82579
82582
82584
82589
82591
82593
82597
82598
82608
82615
82622
82626
82628
82636
82656
82659
82665
82667
82675
82677
82679
82687
82689
82693
82695
82698
82704
82707
82711
82717
82719
82721
82737
82741
82749
82750
82754
82764
82767
82769
82777
82780
82784
82786
82791
82797
82799
82802
82805
82809
82814
82831
82990
82998
83002
83003
83004
83005
83006
83007
83008
83010
83012
83013
83014
83015
83016
83018
83020
83021
83023
83024
83026
83030
83031
83032
83035
83039
83040
83041
83042
83044
83046
83050
83052
83053
83054
83057
83059
83060
83061
83064
83065
83068
83069
83070
83072
83073
83075
83076
83078
83082
83083
83084
83085
83088
83089
83090
83091
83093
83095
83096
83097
83098
83099
83100
83101
83103
83104
83105
83106
83109
83110
83113
83114
83115
83116
83118
83120
83124
83125
83127
83128
83129
83133
83134
83135
83136
83138
83140
83148
83149
83151
83154
83156
83158
83162
83167
83168
83169
83171
83173
83174
83175
83177
83179
83181
83182
83187
83188
83190
83193
83194
83196
83197
83199
83203
83205
83207
83208
83209
83211
83213
83215
83216
83217
83218
83220
83221
83223
83225
83228
83230
83231
83233
83235
83236
83237
83240
83241
83244
83245
83246
83248
83251
83252
83254
83258
83259
83262
83264
83269
83274
83275
83278
83282
83285
83297
83300
83302
83305
83308
83310
83311
83321
83330
83335
83340
83344
83346
83353
83354
83369
83372
83375
83382
83383
83385
83389
83390
83396
83399
83401
83405
83407
83408
83414
83417
83418
83421
83426
83427
83430
83431
83432
83438
83439
83440
83441
83444
83446
83447
83449
83454
83455
83456
83458
83460
83461
83463
83465
83467
83468
83471
83472
83473
83474
83477
83478
83479
83481
83482
83484
83485
83487
83489
83491
83495
83497
83499
83501
83502
83507
83509
83513
83514
83516
83519
83521
83524
83525
83527
83528
83529
83532
83533
83534
83536
83537
83539
83541
83543
83544
83545
83547
83548
83549
83552
83553
83554
83559
83562
83564
83568
83569
83570
83574
83576
83579
83581
83583
83584
83587
83588
83590
83591
83592
83594
83595
83598
83602
83607
83611
83612
83615
83616
83618
83629
83631
83634
83639
83644
83646
83648
83650
83653
83658
83661
83666
83668
83672
83673
83676
83679
83681
83682
83689
83690
83694
83695
83696
83699
83701
83705
83710
83717
83719
83723
83726
83743
83746
83747
83757
83760
83762
83766
83767
83769
83771
83776
83778
83779
83780
83872
83876
83890
83895
83913
83916
83922
83926
83935
83940
83963
83967
83972
83974
83981
83982
83990
83998
84001
84004
84005
84013
84016
84019
84022
84027
84031
84032
84043
84047
84053
84060
84070
84075
84077
84081
84083
84086
84091
84095
84097
84099
84111
84117
84122
84132
84151
84156
84160
84161
84171
84175
84179
84181
84183
84185
84187
84193
84200
84205
84217
84220
84224
84227
84229
84237
84241
84244
84248
84255
84261
84267
84268
84273
84276
84278
84283
84289
84293
84295
84298
84305
84310
84314
84315
84318
84335
84348
84353
84356
84363
84368
84379
84390
84403
84410
84414
84416
84417
84420
84422
84425
84431
84436
84444
84448
84451
84455
84460
84462
84465
84466
84469
84473
84478
84480
84483
84489
84506
84518
84522
84530
84534
84541
84545
84548
84552
84555
84563
84568
84583
84589
84598
84603
84608
84613
84622
84628
84634
84641
84647
84660
84662
84669
84704
84707
84713
84714
84718
84723
84725
84794
84798
86005
86014
86018
86023
86030
86033
86038
86042
86052
86067
86073
86078
86083
86087
86096
86117
86121
86127
86131
86140
86146
86164
86171
86220
86234
86241
86250
86253
86259
86262
86268
86274
86283
86288
86292
86298
86306
86311
86320
86330
86335
86341
86351
86352
86360
86364
86369
86378
86380
86386
86389
86390
86394
86396
86397
86407
86419
86442
86443
86444
86447
86449
86452
86462
86463
86477
86481
86486
86494
86498
86502
86507
86508
86523
86528
86531
86538
86540
86545
86546
86549
86555
86561
86565
86569
86573
86578
86579
86583
86584
86586
86591
86598
86599
86600
86603
86610
86612
86618
86620
86624
86625
86626
86630
86632
86634
86635
86638
86640
86652
86676
86678
86680
86684
86689
86695
86699
86701
86712
86719
86720
86725
86728
86733
86734
86738
86741
86743
86748
86751
86753
86757
86758
86759
86766
86769
86774
86779
86784
86787
86791
86798
86801
86809
86812
86814
86820
86824
86825
86830
86831
86835
86836
86842
86846
86849
86858
86861
86864
86865
86867
86869
86871
86874
86876
86878
86882
86883
86888
86889
86895
86900
86904
86909
86910
86916
86926
86930
86931
86934
86937
86938
86939
86943
86944
86945
86949
86950
86957
86959
86967
86970
86972
86977
86979
86980
86985
86987
86992
86997
86998
88358
89354
89360
89372
89376
89381
89388
89393
89396
89404
89410
89416
89420
89426
89433
89442
89446
89561
89569
89580
89581
89584
89588
89594
89596
89600
89605
89611
89617
89623
89642
89648
89651
89655
89656
89657
89672
89673
89676
89678
89688
89689
89697
89698
89700
89703
89708
89714
89717
89733
89743
89758
89760
89767
89770
89773
89776
89793
89800
89801
89808
89816
89821
89827
89867
90018
90031
90042
98228
98233
98235
98245
98249
98371
98375
98381
98395
98408
98422
98438
98447
98450
98455
98461
98464
98467
98470
98475
98477
98485
98488
98489
98493
98497
98501
98503
98506
98513
98514
98517
98518
98523
98535
98538
98541
98547
98557
98561
98579
98624
98651
98656
98658
98666
98683
98698
98718
98725
98733
98742
98752
98759
98923
103007
103012
103022
103028
103034
103043
103051
103062
103067
103071
103076
103081
103087
103100
103114
103130
103135
103147
103149
103155
103157
103161
103168
103175
103176
103181
103185
103190
103204
103209
103212
103216
103222
103234
103236
103257
103266
103268
103272
103275
103279
103295
103298
103302
103304
103310
103321
103330
103334
103343
103349
103352
103355
103359
103361
103366
103370
103371
103378
103383
103386
103391
103401
103407
103425
103428
103443
103452
103459
103461
103464
103468
103474
103481
103489
103491
103496
103498
103507
103509
103510
103513
103514
103522
103526
103527
103528
103532
103536
103543
103544
103550
103557
103558
103564
103569
103575
103577
103585
103597
103602
103610
103624
103626
103631
103636
103642
103651
103661
103667
103680
103690
103695
103699
103707
103714
103715
103719
103723
103730
103732
103734
103739
103742
103745
103747
103751
103761
103769
103774
103778
103782
103785
103795
103798
103799
103801
103804
103824
103833
103839
103841
103844
103845
103848
103851
103854
103863
103864
103867
103869
103878
103882
103884
103889
103894
103897
103898
103901
103902
103903
103905
103907
103908
103909
103911
103913
103914
103916
103918
103919
103920
103921
103925
103926
103929
103930
103933
103937
103939
103942
103943
103953
103954
103955
103956
103957
103958
103959
103960
103961
103962
103963
103964
103965
103966
103967
103968
103969
103970
103971
103972
103973
103974
103975
103976
103977
103978
103979
103980
103981
103982
103983
103984
103985
103986
103987
103988
103989
103990
103991
103992
103993
103994
103995
103996
103997
103998
103999
104693
104701
104729
104734
104748
104753
104766
104774
104780
104787
104793
104798
104810
104816
104826
104848
104856
104886
104900
104912
104916
104923
104934
104936
104941
104950
104966
104971
104996
105000
105065
105069
105073
105079
105082
105084
105086
105088
105093
105095
105098
105100
105105
105107
105108
105111
105113
105115
105117
105118
105121
105125
105128
105134
105135
105137
105140
105152
105154
105160
105161
105170
105173
105174
105178
105181
105182
105185
105188
105192
105201
105205
105208
105209
105213
105214
105216
105221
105223
105227
105238
105240
105242
105247
105253
105254
105260
105262
105264
105272
105273
105276
105277
105279
105281
105283
105285
105286
105291
105294
105296
105298
105300
105302
105304
105310
105311
105314
105315
105323
105328
105332
105334
105343
105344
105346
105349
105355
105362
105369
105374
105378
105379
105381
105384
105386
105392
105397
105398
105400
105404
105406
105407
105409
105411
105415
105419
105422
105426
105429
105430
105433
105434
105437
105438
105439
105442
105444
105447
105450
105452
105454
105455
105459
105460
105461
105465
105466
105468
105469
105472
105474
105475
105477
105480
105483
105486
105491
105492
105493
105495
105497
105500
105502
105504
105507
105511
105514
105518
105520
105521
105522
105524
105526
105527
105528
105529
105533
105534
105537
105538
105539
105542
105544
105546
105547
105549
105550
105551
105552
105553
105555
105556
105558
105560
105561
105564
105566
105569
105571
105572
105573
105576
105577
105578
105581
105583
105585
105586
105588
105591
105595
105596
105599
105600
105603
105604
105607
105611
105612
105613
105614
105615
105617
105618
105620
105624
105626
105627
105630
105631
105633
105635
105640
105641
105642
105644
105646
105649
105651
105654
105656
105658
105659
105661
105662
105663
105665
105667
105669
105671
105672
105674
105675
105678
105679
105680
105683
105684
105685
105687
105688
105689
105691
105694
105696
105698
105700
105702
105704
105705
105709
105713
105716
105719
105721
105722
105724
105727
105730
105731
105733
105737
105740
105741
105742
105745
105753
105760
105766
105771
105772
105773
105775
105777
105778
105780
105785
105788
105790
105791
105792
105794
105797
105798
105804
105805
105806
105809
105812
105813
105815
105818
105819
105820
105823
105824
105827
105831
105842
105843
105846
105847
105850
105851
105854
105856
105859
105860
105861
105862
105863
105867
105869
105873
105874
105877
105879
105881
105883
105885
105886
105889
105891
105893
105895
105897
105898
105899
105900
105902
105903
105905
105906
105908
105909
105910
105913
105915
105916
105919
105920
105921
105922
105925
105928
105929
105930
105932
105933
105934
105935
105937
105938
105939
105940
105941
105943
105944
105945
105947
105948
105949
105951
105953
105954
105955
105959
105960
105963
105966
105968
105972
105973
105974
105975
105976
105978
105980
105983
105985
105987
105990
105994
105996
105999
107000
107001
107002
107003
107004
107006
107007
107009
107010
107012
107013
107016
107024
107026
107027
107028
107029
107032
107035
107039
107040
107044
107045
107048
107049
107051
107053
107056
107059
107061
107066
107068
107073
107076
107080
107082
107083
107084
107087
107090
107094
107095
107098
107100
107102
107106
107110
107114
107115
107121
107122
107123
107125
107127
107129
107132
107134
107137
107139
107141
107142
107143
107145
107147
107148
107149
107153
107155
107157
107159
107164
107165
107166
107167
107170
107171
107172
107174
107176
107179
107180
107183
107184
107187
107189
107190
107191
107193
107194
107196
107197
107198
107200
107202
107203
107204
107206
107210
107213
107215
107216
107219
107220
107221
107225
107227
107233
107235
107236
107237
107238
107241
107242
107243
107244
107245
107246
107247
107250
107251
107253
107255
107256
107259
107261
107263
107264
107270
107272
107274
107275
107281
107282
107285
107287
107289
107291
107292
107296
107297
107298
107302
107303
107308
107309
107311
107314
107320
107322
107323
107326
107327
107330
107333
107339
107342
107343
107346
107347
107349
107352
107353
107356
107359
107361
107366
107367
107369
107372
107377
107380
107382
107384
107386
107390
107396
107397
107400
107411
107413
107415
107416
107419
107423
107424
107425
107429
107432
107433
107435
107437
107438
107440
107445
107448
107450
107451
107454
107456
107457
107458
107460
107467
107496
107498
107499
107502
107505
107509
107510
107513
107514
107519
107520
107521
107522
107526
107528
107532
107534
107535
107536
107537
107539
107540
107542
107543
107544
107545
107546
107548
107549
107550
107551
107552
107553
107554
107556
107557
107558
107560
107561
107562
107563
107564
107565
107567
107568
107569
107570
107571
107572
107573
107575
107577
107578
107579
107581
107583
107584
107585
107587
107589
107592
107594
107595
107596
107597
107599
107602
107603
107604
107606
107607
107608
107609
107611
107612
107613
107619
107620
107621
107622
107625
107626
107627
107629
107631
107633
107634
107635
107637
107639
107642
107643
107646
107648
107650
107654
107655
107657
107658
107659
107661
107662
107665
107668
107669
107672
107674
107675
107678
107681
107685
107688
107689
107691
107694
107699
107704
107705
107707
107709
107712
107716
107718
107720
107722
107723
107728
107729
107731
107733
107734
107739
107740
107741
107745
107747
107752
107754
107760
107762
107767
107769
107772
107776
107778
107779
107783
107788
107793
107794
107796
107800
107806
107810
107813
107819
107820
107823
107826
107830
107833
107835
107837
107838
107839
107840
107845
107850
107852
107853
107854
107856
107858
107859
107860
107865
107866
107867
107872
107873
107874
107882
107883
107887
107888
107890
107893
107895
107897
107898
107899
107904
107908
107909
107911
107915
107916
107917
107920
107923
107924
107927
107929
107930
107931
107935
107938
107939
107940
107942
107944
107945
107946
107947
107948
107950
107951
107952
107953
107954
107955
107956
107957
107958
107959
107960
107961
107963
107964
107965
107966
107967
107969
107970
107971
107972
107973
107974
107975
107976
107977
107978
107979
107980
107981
107982
107983
107984
107986
107988
107992
107993
107994
107995
107996
107997
107998
107999
108330
108340
108484
108504
108518
108526
108541
108549
108553
108563
108568
108573
108582
108588
108595
108597
108603
108608
108618
108621
108626
108647
108663
108666
108669
108680
108684
108688
108692
108700
108704
108705
108709
108714
108720
108730
108737
108745
108752
108763
108767
108775
108793
108801
108805
108809
108811
108816
108817
108839
108846
108852
108854
108859
108860
108861
108869
108919
108925
108927
108933
108935
108938
108942
108969
108974
108983
108991
111001
111008
111014
111020
111026
111032
111052
111057
111063
111084
111085
111098
111105
111108
111114
111119
111120
111130
111139
111147
111154
111157
111159
111162
111164
111166
111171
111175
111179
111181
111192
111197
111202
111205
111219
111231
111252
111283
111285
111291
111297
111299
111301
111306
111313
111320
111331
111339
111341
111346
111350
111354
111361
111366
111371
111373
111380
111385
111392
111395
111400
111401
111411
111412
111418
111420
111422
111425
111429
111433
111438
111443
111458
111467
111471
111477
111484
111495
111499
111504
111523
111530
111541
111546
111555
111558
111561
111562
111564
111569
111573
111574
111589
111593
111597
111605
111611
111614
111616
111624
111628
111629
111665
111671
111678
111682
111690
111692
111704
111712
111716
111718
111722
111725
111731
111738
111740
111744
111746
111752
111755
111757
111759
111800
111807
111938
111947
111951
111955
111960
111963
111967
111983
111985
111989
111994
112012
112015
112018
112020
112025
112026
112027
112029
112033
112034
112035
112036
112038
112039
112044
112048
112050
112051
112053
112055
112058
112061
112065
112068
112072
112073
112078
112081
112087
112089
112090
112096
112104
112105
112107
112109
112113
112114
112115
112117
112121
112123
112127
112131
112135
112147
112151
112156
112157
112159
112160
112182
112194
112203
112212
112219
112227
112241
112259
112261
112280
112286
112290
112292
112294
112300
112304
112305
112308
112309
112311
112320
112327
112330
112334
112343
112344
112347
112356
112359
112363
112366
112368
112376
112382
112406
112413
112416
112418
112421
112429
112435
112443
112452
112457
112464
112470
112479
112483
112485
112494
112500
112507
112513
112521
112536
112543
112548
112551
112562
112564
112573
112584
112588
112591
112593
112597
112618
112636
112638
112641
112647
112657
112662
112664
112681
112691
112707
112713
112726
112728
112735
112748
112750
112754
112776
112780
112783
112786
112787
112790
112791
112794
112798
112802
112803
112807
112811
112818
112819
112823
112825
112834
112837
112839
112843
112844
112847
112848
112854
112865
112869
112873
112879
112881
112888
112893
112895
112898
112900
112906
112908
112911
112918
112919
112928
112932
112941
112945
112950
112958
112974
112978
112984
112990
112999
113000
113002
113003
113007
113008
113009
113011
113012
113013
113015
113016
113017
113018
113019
113020
113021
113022
113024
113025
113027
113028
113032
113033
113036
113037
113039
113041
113043
113044
113046
113048
113050
113053
113056
113057
113058
113060
113061
113063
113066
113067
113069
113071
113074
113075
113076
113080
113083
113085
113086
113087
113088
113089
113090
113092
113099
113100
113101
113102
113106
113107
113109
113111
113112
113116
113118
113120
113121
113124
113128
113131
113134
113136
113137
113139
113147
113156
113160
113164
113169
113170
113179
113185
113188
113196
113198
113200
113204
113205
113210
113213
113217
113220
113224
113225
113229
113233
113236
113237
113240
113241
113251
113256
113260
113267
113268
113269
113270
113271
113274
113275
113276
113280
113283
113285
113288
113290
113296
113298
113301
113305
113307
113312
113313
113318
113323
113325
113327
113329
113331
113333
113334
113335
113336
113337
113339
113341
113342
113343
113344
113345
113347
113348
113349
113353
113356
113359
113360
113361
113363
113365
113368
113370
113374
113377
113380
113381
113382
113385
113386
113390
113391
113395
113396
113400
113402
113403
113407
113413
113415
113418
113420
113421
113423
113425
113427
113428
113429
113431
113433
113435
113436
113437
113439
113440
113443
113445
113446
113447
113450
113453
113456
113463
113464
113468
113470
113474
113476
113479
113481
113483
113486
113489
113492
113498
113499
113501
113504
113506
113508
113513
113515
113516
113518
113519
113521
113523
113526
113528
113530
113534
113540
113541
113542
113544
113549
113551
113555
113559
113563
113568
113571
113574
113575
113578
113580
113582
113585
113587
113588
113589
113590
113593
113595
113598
113600
113604
113605
113606
113610
113611
113612
113614
113616
113617
113619
113621
113622
113623
113627
113632
113635
113637
113643
113647
113650
113652
113653
113656
114009
114013
114021
114030
114040
114064
114073
114078
114088
114094
114114
114121
114122
114126
114135
114143
114215
114221
114224
114228
114231
114235
114238
114244
114247
114252
114256
114262
114276
114288
114290
114301
114306
114331
114335
114340
114344
114345
114350
114354
114356
114365
114366
114374
114376
114384
114394
114406
114425
114433
114438
114440
114445
114455
114462
114473
114474
114481
114485
114488
114493
114498
114504
114506
114507
114512
114514
114517
114780
114781
114782
114783
114784
114785
114786
115171
115182
115195
115200
115204
115210
115214
115223
115226
115236
115237
115279
115280
115288
115289
115295
115298
115304
115317
115329
115336
115344
115357
115362
115366
115377
115415
115428
115442
115443
115455
115457
115465
115473
115491
115497
115507
115518
115524
115533
115676
115703
115711
115736
115745
115752
115757
115759
115766
115772
115773
115785
115800
115816
115822
115827
115839
115840
115851
115864
115910
115916
115922
115925
115933
115936
115940
115951
115952
115975
115976
115992
115996
116000
116002
116005
116010
116017
116031
116035
116036
116040
116042
116045
116094
116102
116109
116148
116171
116179
116193
116196
116204
116296
116302
116309
116331
116333
116338
116344
116348
116351
116360
116369
117004
117007
117013
117030
117037
117048
117054
117067
117078
117081
117088
117093
117106
117110
117126
117135
117165
117174
117180
117185
117189
117193
117198
117206
117211
117213
117217
117226
117229
117239
117246
117260
117267
117275
117281
117290
117296
117299
117304
117313
117317
117324
117327
117329
117332
117336
117339
117346
117350
117352
117361
117370
117385
117387
117396
117424
117434
117437
117441
117467
117470
117481
117486
117496
117500
117504
117510
117551
117553
117562
117563
117571
117575
117601
117605
117609
117616
117618
117624
117626
117632
117633
117637
117644
117648
117653
117656
117665
117669
117672
117682
117685
117688
117695
117699
117703
117709
117711
117718
117720
117725
117729
117730
117734
117739
117755
117763
117772
117777
117781
117784
117786
117792
117793
117799
117809
117816
117824
117828
117830
117838
117855
117863
117870
117875
117895
117904
117911
117917
117918
117929
117933
117939
117944
117950
117956
117962
117970
117975
117982
117992
117997
118403
118405
118408
118413
118415
118418
118421
118425
118429
118435
118438
118442
118447
118450
118453
118480
118485
118488
118489
118500
118505
118512
118513
118517
118519
118521
118522
118526
118530
118536
118546
118548
118551
118553
118554
118556
118558
118560
118562
118563
118565
118567
118568
118571
118579
118580
118581
118584
118586
118587
118592
118593
118595
118598
118606
118608
118614
118624
118626
118632
118635
118641
118648
118649
118651
118652
118654
118658
118659
118663
118664
118670
118671
118679
118684
118690
118692
118697
118698
118703
118705
118709
118710
118712
118717
118719
118723
118727
118731
118732
118735
118738
118741
118742
118747
118748
118756
118757
118770
118779
118797
118987
118996
119180
119192
119210
119221
119229
119238
119458
119468
119472
119483
119489
119493
120007
120021
120030
125915
125923
125928
125933
127681
127817
127878
127883
127886
127892
127916
127928
127935
127942
149455
149456
149457
149458
149460
149461
149462
149463
149464
149465
149466
149467
149468
149469
149470
149471
149472
149474
149475
149476
149477
149478
149479
149480
149481
149482
149483
149484
149485
149486
149487
149488
149489
149490
149491
149492
149493
149494
149495
149496
149497
149498
149499
149500
149501
149502
149504
149506
149508
149509
149510
149512
149513
149514
149515
149517
149519
149520
149523
149524
149525
149526
149527
149528
149529
149530
149531
149532
149533
149534
149535
149536
149537
149538
149539
149540
149541
149542
149543
149544
149545
149546
149547
149548
149557
149558
149559
149560
149561
149562
149563
149564
149565
149802
149803
149804
149805
149806
149807
149808
149809
